| Параметр | Значение |
|----------|----------|
| Модель монитора | VA2419 Serie |
| Разрешение | 1920 x 1080 |
| Соотношение сторон | 16:9 |
| Разъем подключения | Analog |
| Размер экрана в дюймах | 23.8" |
| Число отображаемых цветов | 16.7 миллионов |
| Плотность пикселей | 92 ppi |

Gamma Red
| Gamma | R | G | B |
|-------|-----|---|---|
| 0.89 | 117 | 0 | 0 |
| 0.95 | 123 | 0 | 0 |
| 1.01 | 129 | 0 | 0 |
| 1.08 | 135 | 0 | 0 |
| 1.16 | 141 | 0 | 0 |
| 1.25 | 147 | 0 | 0 |
| 1.35 | 153 | 0 | 0 |
| 1.46 | 159 | 0 | 0 |
| 1.58 | 165 | 0 | 0 |
| 1.72 | 171 | 0 | 0 |
| 1.88 | 177 | 0 | 0 |
| 2.06 | 183 | 0 | 0 |
| 2.28 | 189 | 0 | 0 |

Gamma Green

| Gamma | R | G | B |
| :--- | :--- | :--- | :--- |
| 0.89 | 0 | 117 | 0 |
| 0.95 | 0 | 123 | 0 |
| 1.01 | 0 | 129 | 0 |
| 1.08 | 0 | 135 | 0 |
| 1.16 | 0 | 141 | 0 |
| 1.25 | 0 | 147 | 0 |
| 1.35 | 0 | 153 | 0 |
| 1.46 | 0 | 159 | 0 |
| 1.58 | 0 | 165 | 0 |
| 1.72 | 0 | 171 | 0 |
| 1.88 | 0 | 177 | 0 |
| 2.06 | 0 | 183 | 0 |
| 2.28 | 0 | 189 | 0 |

Gamma Blue

| Gamma | R | G | B |
| :--- | :--- | :--- | :--- |
| 0.89 | 0 | 0 | 117 |
| 0.95 | 0 | 0 | 123 |
| 1.01 | 0 | 0 | 129 |
| 1.08 | 0 | 0 | 135 |
| 1.16 | 0 | 0 | 141 |
| 1.25 | 0 | 0 | 147 |
| 1.35 | 0 | 0 | 153 |
| 1.46 | 0 | 0 | 159 |
| 1.58 | 0 | 0 | 165 |
| 1.72 | 0 | 0 | 171 |
| 1.88 | 0 | 0 | 177 |
| 2.06 | 0 | 0 | 183 |
| 2.28 | 0 | 0 | 189 |

Gamma White

| Gamma | R | G | B |
| :--- | :--- | :--- | :--- |
| 0.89 | 0 | 0 | 117 |
| 0.95 | 0 | 0 | 123 |
| 1.01 | 0 | 0 | 129 |
| 1.08 | 0 | 0 | 135 |
| 1.16 | 0 | 0 | 141 |
| 1.25 | 0 | 0 | 147 |
| 1.35 | 0 | 0 | 153 |
| 1.46 | 0 | 0 | 159 |
| 1.58 | 0 | 0 | 165 |
| 1.72 | 0 | 0 | 171 |
| 1.88 | 0 | 0 | 177 |
| 2.06 | 0 | 0 | 183 |
| 2.28 | 0 | 0 | 189 |
